     0/299     14.2G      5.88      3.72         0       9.6        34       512         0         0   0.00253         0       6.4      2.04         0
     1/299     14.2G      4.76      2.15         0      6.91        26       512         0         0    0.0742         0      5.61      1.39         0
     2/299     14.2G      5.09      1.84         0      6.93        36       512         0         0     0.176         0      5.97      1.06         0
     3/299     14.2G       4.2      1.45         0      5.65        29       512     0.155     0.492     0.168     0.236      6.22     0.937         0
     4/299     14.2G      4.51       1.3         0      5.81        32       512    0.0508     0.206    0.0223    0.0816      7.43     0.957         0
     5/299     14.2G      4.11      1.23         0      5.34        32       512     0.388     0.561     0.436     0.459      4.76     0.834         0
     6/299     14.2G      3.67      1.11         0      4.78        32       512     0.389     0.659     0.496     0.489      5.14     0.717         0
     7/299     14.2G      3.56      1.04         0      4.61        38       512     0.588     0.698     0.633     0.638      4.33      0.67         0
     8/299     14.2G      3.99     0.997         0      4.99        33       512     0.497     0.751     0.621     0.598      4.22     0.642         0
     9/299     14.2G      3.33      1.01         0      4.35        39       512     0.725     0.647     0.666     0.684      4.34     0.668         0
    10/299     14.2G      3.43     0.931         0      4.36        34       512     0.834     0.571     0.691     0.678      5.64     0.718         0
    11/299     14.2G      3.27     0.935         0       4.2        30       512      0.14     0.698     0.136     0.233      4.57      1.35         0
    12/299     14.2G      3.36     0.882         0      4.24        41       512    0.0141     0.335   0.00822     0.027      6.32      9.03         0
    13/299     14.2G       3.4     0.915         0      4.31        34       512    0.0631     0.433    0.0437      0.11      4.44      1.51         0
    14/299     14.2G      2.86     0.831         0      3.69        30       512     0.584     0.503     0.447      0.54      3.58     0.799         0
    15/299     14.2G      2.96     0.804         0      3.76        34       512     0.622     0.645     0.533     0.633      3.42     0.713         0
    16/299     14.2G      2.75     0.814         0      3.56        31       512      0.25     0.427     0.217     0.315       5.3     0.846         0
    17/299     14.2G      2.89     0.821         0      3.72        32       512     0.388      0.48     0.391     0.429      5.32     0.748         0
    18/299     14.2G      3.04     0.821         0      3.86        32       512     0.605      0.64     0.591     0.622      4.59     0.621         0
    19/299     14.2G      2.95     0.784         0      3.73        39       512     0.821     0.702      0.73     0.757      3.71     0.586         0
    20/299     14.2G      2.54     0.806         0      3.35        33       512     0.914      0.69     0.775     0.786      3.55     0.665         0
    21/299     14.2G      2.71      0.73         0      3.44        32       512     0.808     0.802     0.772     0.805      3.22      0.53         0
    22/299     14.2G      2.83     0.756         0      3.59        31       512     0.895      0.82     0.865     0.856       3.5     0.514         0
    23/299     14.2G      2.68     0.726         0      3.41        34       512     0.905       0.7     0.821     0.789       2.9     0.618         0
    24/299     14.2G      2.22     0.734         0      2.96        30       512     0.841     0.778     0.808     0.808      3.76     0.514         0
    25/299     14.2G      2.41     0.712         0      3.12        32       512     0.796     0.761     0.778     0.778      3.29     0.521         0
    26/299     14.2G      2.61     0.716         0      3.32        33       512     0.889     0.759       0.8     0.819      3.38     0.527         0
    27/299     14.2G      2.52     0.689         0      3.21        34       512      0.79     0.733     0.758     0.761      3.45     0.527         0
    28/299     14.2G      2.81     0.691         0      3.51        31       512     0.825     0.805     0.826     0.815      3.08     0.508         0
    29/299     14.2G       2.6     0.696         0      3.29        34       512     0.887     0.753     0.821     0.815      2.99     0.523         0
    30/299     14.2G      2.61     0.688         0       3.3        30       512     0.876     0.835      0.87     0.855      3.07     0.496         0
    31/299     14.2G      2.46     0.647         0      3.11        32       512     0.942     0.768     0.886     0.846      2.86     0.502         0
    32/299     14.2G      2.57     0.648         0      3.22        33       512     0.813     0.845     0.847     0.829       3.2     0.462         0
    33/299     14.2G      2.51     0.645         0      3.16        32       512     0.886     0.773     0.834     0.826      3.01     0.467         0
    34/299     14.2G      2.23     0.613         0      2.84        36       512     0.951     0.794     0.885     0.865      3.04     0.466         0
    35/299     14.2G      2.49      0.66         0      3.15        33       512     0.794     0.769     0.752     0.781      3.54     0.437         0
    36/299     14.2G      2.27     0.648         0      2.92        34       512     0.827     0.818     0.831     0.822      2.98     0.422         0
    37/299     14.2G      2.16     0.622         0      2.78        30       512     0.903       0.8     0.859     0.848      2.89     0.433         0
    38/299     14.2G      1.89     0.599         0      2.49        35       512      0.93     0.804     0.884     0.862      2.74     0.432         0
    39/299     14.2G      2.17     0.576         0      2.75        39       512     0.818     0.818     0.833     0.818      3.12     0.391         0
    40/299     14.2G      2.21     0.601         0      2.81        30       512     0.871     0.822     0.849     0.846      2.95     0.412         0
    41/299     14.2G      2.02      0.56         0      2.58        30       512     0.897     0.824     0.886     0.859      2.81     0.425         0
    42/299     14.2G      2.08     0.591         0      2.67        28       512     0.912      0.77     0.858     0.835      3.03     0.438         0
    43/299     14.2G      2.01     0.594         0       2.6        35       512     0.902     0.818     0.885     0.858      2.89     0.397         0
    44/299     14.2G       2.1     0.585         0      2.68        35       512     0.953     0.788     0.889     0.862      2.69     0.417         0
    45/299     14.2G      2.02     0.549         0      2.57        34       512     0.947     0.767     0.854     0.847      2.77     0.437         0
    46/299     14.2G      2.03     0.541         0      2.57        38       512     0.719     0.825     0.808     0.769      2.95     0.443         0
    47/299     14.2G      2.01      0.57         0      2.58        32       512     0.784     0.831     0.842     0.807      3.07       0.4         0
    48/299     14.2G         2     0.563         0      2.56        37       512      0.79     0.774     0.769     0.782      2.97     0.409         0
    49/299     14.2G      2.18      0.55         0      2.73        33       512     0.843     0.753     0.797     0.795      2.94     0.427         0
    50/299     14.2G      2.04     0.537         0      2.58        26       512     0.908     0.755     0.834     0.824      2.97     0.426         0
    51/299     14.2G      1.82     0.549         0      2.37        28       512     0.947     0.846     0.897     0.894      2.73     0.405         0
    52/299     14.2G      2.13     0.533         0      2.67        35       512     0.876     0.903      0.91      0.89      2.76     0.384         0
    53/299     14.2G      1.96     0.565         0      2.52        29       512     0.887     0.843     0.882     0.864       2.7     0.391         0
    54/299     14.2G         2     0.565         0      2.57        33       512     0.905     0.822     0.868     0.861      2.82     0.411         0
    55/299     14.2G      2.07     0.543         0      2.61        35       512     0.899     0.827      0.87     0.862      3.01     0.398         0
    56/299     14.2G      1.95      0.51         0      2.46        32       512     0.949     0.838     0.892      0.89      2.62      0.41         0
    57/299     14.2G      1.92     0.527         0      2.45        35       512     0.954     0.822     0.891     0.883      2.88     0.427         0
    58/299     14.2G      1.97     0.546         0      2.52        37       512     0.932     0.782     0.851     0.851      2.97      0.43         0
    59/299     14.2G      1.72       0.5         0      2.22        35       512     0.971     0.745     0.876     0.843      2.78     0.468         0
    60/299     14.2G      1.96     0.503         0      2.46        27       512      0.97     0.765     0.884     0.856      2.69      0.44         0
    61/299     14.2G      1.71     0.519         0      2.23        29       512     0.962     0.792     0.883     0.869      2.89     0.418         0
    62/299     14.2G      1.86     0.492         0      2.35        38       512     0.967      0.81     0.889     0.882      2.68     0.406         0
    63/299     14.2G      1.71      0.51         0      2.22        33       512     0.963     0.819     0.889     0.885      2.62     0.408         0
    64/299     14.2G      2.09     0.489         0      2.58        31       512     0.925     0.835     0.889     0.878       2.7     0.389         0
    65/299     14.2G       1.7      0.49         0      2.19        30       512     0.936     0.826     0.873     0.878      2.73      0.41         0
    66/299     14.2G      1.97     0.475         0      2.45        25       512      0.92     0.861     0.898      0.89      2.72     0.384         0
    67/299     14.2G      1.87     0.455         0      2.32        36       512     0.951     0.833     0.912     0.888      2.76      0.41         0
    68/299     14.2G      1.66     0.503         0      2.16        33       512     0.924     0.833     0.891     0.876      2.79     0.388         0
    69/299     14.2G      1.96     0.465         0      2.43        39       512     0.921     0.873     0.911     0.897      2.64     0.393         0
    70/299     14.2G      1.63     0.501         0      2.13        32       512     0.917     0.882     0.919     0.899      2.64     0.385         0
    71/299     14.2G      1.95     0.462         0      2.41        31       512     0.932     0.839     0.911     0.883      2.65     0.404         0
    72/299     14.2G      1.83     0.473         0       2.3        34       512     0.962     0.808     0.915     0.878      2.49     0.448         0
    73/299     14.2G      1.58     0.455         0      2.03        34       512     0.937     0.817     0.895     0.873      2.69     0.407         0
    74/299     14.2G      1.82     0.469         0      2.29        30       512     0.909     0.862     0.909     0.885      2.63     0.388         0
    75/299     14.2G       1.7     0.448         0      2.15        37       512     0.925     0.869     0.904     0.896      2.75     0.378         0
    76/299     14.2G      2.04     0.457         0      2.49        33       512     0.956      0.81     0.896     0.877      2.62     0.425         0
    77/299     14.2G      1.61     0.498         0      2.11        30       512     0.937     0.825     0.892     0.878      2.71     0.396         0
    78/299     14.2G      1.86     0.438         0       2.3        33       512     0.956     0.763     0.896     0.848      2.62     0.438         0
    79/299     14.2G      1.71     0.465         0      2.17        31       512     0.948     0.798     0.888     0.867      2.61     0.432         0
    80/299     14.2G      1.82     0.447         0      2.26        28       512     0.937     0.812     0.898      0.87      2.53     0.431         0
    81/299     14.2G       1.8     0.446         0      2.24        32       512     0.974     0.722     0.884     0.829      2.58     0.462         0
    82/299     14.2G      1.81     0.434         0      2.24        30       512     0.958     0.806     0.893     0.875      2.64      0.43         0
    83/299     14.2G      1.51     0.447         0      1.96        32       512     0.953       0.8      0.88      0.87      2.75     0.436         0
    84/299     14.2G      1.81     0.441         0      2.25        33       512     0.973     0.771      0.88      0.86       2.7     0.448         0
    85/299     14.2G      1.84     0.452         0      2.29        30       512     0.967     0.802     0.897     0.877      2.56      0.43         0
    86/299     14.2G      1.74     0.439         0      2.18        31       512     0.947     0.849     0.905     0.896      2.63     0.402         0
    87/299     14.2G      1.91     0.418         0      2.33        33       512     0.968     0.823     0.915      0.89      2.54     0.423         0
    88/299     14.2G      1.77     0.436         0      2.21        31       512     0.961     0.826     0.893     0.889      2.64     0.417         0
    89/299     14.2G      1.63     0.408         0      2.04        32       512     0.959     0.818     0.894     0.883      2.66     0.409         0
    90/299     14.2G      1.77     0.439         0      2.21        33       512     0.941     0.839     0.907     0.887      2.54     0.388         0
    91/299     14.2G      1.75     0.419         0      2.17        37       512     0.937     0.814     0.911     0.871      2.53     0.412         0
    92/299     14.2G      1.63     0.418         0      2.05        30       512     0.948     0.849     0.913     0.896      2.53     0.398         0
    93/299     14.2G      1.53      0.41         0      1.94        36       512     0.909     0.865     0.889     0.886      2.87     0.376         0
    94/299     14.2G      1.68     0.397         0      2.08        35       512     0.913     0.863     0.889     0.887      2.66     0.378         0
    95/299     14.2G      1.41     0.422         0      1.83        39       512     0.953     0.878     0.924     0.914       2.6     0.387         0
    96/299     14.2G      1.57      0.45         0      2.02        33       512     0.947     0.836     0.908     0.888      2.58     0.387         0
    97/299     14.2G      1.72      0.44         0      2.16        36       512     0.947     0.834     0.904     0.887      2.54     0.406         0
    98/299     14.2G      1.67     0.413         0      2.09        34       512     0.946     0.828     0.897     0.883      2.57     0.409         0
    99/299     14.2G      1.42     0.434         0      1.85        44       512     0.931     0.849     0.899     0.888       2.6     0.395         0
   100/299     14.2G      1.33     0.394         0      1.73        37       512     0.959     0.771     0.864     0.855      2.65     0.456         0
   101/299     14.2G      1.58     0.391         0      1.97        37       512      0.97     0.761     0.873     0.853      2.74     0.475         0
   102/299     14.2G      1.46     0.398         0      1.86        33       512     0.963     0.776     0.888     0.859      2.62      0.44         0
   103/299     14.2G      1.84     0.402         0      2.24        36       512     0.947     0.837     0.905     0.888      2.66       0.4         0
   104/299     14.2G      1.61     0.434         0      2.04        34       512     0.977     0.822     0.924     0.892      2.38     0.429         0
   105/299     14.2G      1.52     0.397         0      1.91        27       512     0.958     0.851     0.921     0.901      2.55     0.412         0
   106/299     14.2G      1.39      0.37         0      1.76        28       512      0.94     0.855     0.911     0.895      2.51     0.403         0
   107/299     14.2G      1.48     0.408         0      1.89        37       512     0.962      0.84     0.914     0.897      2.46     0.409         0
   108/299     14.2G      1.45     0.411         0      1.86        28       512     0.968     0.777     0.892     0.862      2.67      0.46         0
   109/299     14.2G      1.44      0.39         0      1.83        39       512     0.957     0.746     0.888     0.839      2.55     0.456         0
   110/299     14.2G      1.43     0.378         0      1.81        37       512     0.952     0.792     0.894     0.865      2.87      0.42         0
   111/299     14.2G       1.5     0.367         0      1.87        35       512     0.967     0.786     0.897     0.867       2.7     0.416         0
   112/299     14.2G      1.27     0.354         0      1.62        37       512     0.962     0.851     0.912     0.903      2.58      0.39         0
   113/299     14.2G      1.62     0.379         0      1.99        33       512     0.974     0.808     0.904     0.883      2.54      0.44         0
   114/299     14.2G      1.62     0.384         0         2        30       512     0.923      0.85     0.894     0.885       2.6     0.404         0
   115/299     14.2G      1.67     0.372         0      2.05        33       512      0.95     0.839     0.908     0.891      2.62     0.409         0
   116/299     14.2G      1.65     0.361         0      2.02        24       512      0.95     0.818     0.905     0.879      2.53     0.437         0
   117/299     14.2G      1.37     0.364         0      1.74        35       512     0.963     0.807     0.905     0.878       2.5     0.445         0
   118/299     14.2G      1.43     0.376         0       1.8        33       512     0.956     0.803     0.904     0.873      2.51      0.45         0
   119/299     14.2G      1.54     0.405         0      1.94        35       512     0.963      0.82     0.907     0.886      2.47     0.443         0
   120/299     14.2G      1.43     0.373         0       1.8        33       512     0.967     0.794     0.893     0.872      2.61     0.467         0
   121/299     14.2G      1.42     0.357         0      1.78        35       512     0.964     0.792     0.902      0.87      2.48     0.473         0
   122/299     14.2G       1.5     0.372         0      1.87        37       512     0.973     0.773     0.902     0.862      2.48     0.489         0
   123/299     14.2G      1.57     0.371         0      1.94        27       512     0.964     0.786     0.889     0.866       2.6     0.466         0
   124/299     14.2G       1.5     0.356         0      1.85        33       512     0.954     0.779      0.87     0.858      2.65     0.466         0
   125/299     14.2G      1.53     0.339         0      1.87        31       512     0.963     0.755     0.885     0.846      2.82     0.494         0
   126/299     14.2G      1.56     0.337         0       1.9        32       512      0.97     0.749     0.893     0.845      2.72     0.518         0
   127/299     14.2G       1.5     0.362         0      1.86        32       512     0.964     0.799     0.897     0.874      2.74     0.475         0
   128/299     14.2G      1.33     0.347         0      1.68        30       512     0.971     0.786     0.891     0.869      2.79     0.467         0
   129/299     14.2G      1.63     0.344         0      1.98        30       512     0.962     0.784     0.885     0.864      2.81      0.46         0
   130/299     14.2G      1.36     0.346         0      1.71        35       512     0.954     0.818     0.885     0.881      2.94      0.43         0
   131/299     14.2G      1.64     0.345         0      1.99        33       512     0.953     0.835     0.908      0.89      2.69      0.43         0
   132/299     14.2G      1.17     0.356         0      1.52        31       512     0.964     0.833     0.914     0.894      2.65     0.441         0
   133/299     14.2G      1.56     0.344         0       1.9        30       512     0.968     0.812     0.911     0.883      2.55     0.456         0
   134/299     14.2G      1.29     0.335         0      1.62        35       512     0.972     0.809     0.899     0.883      2.58     0.466         0
   135/299     14.2G      1.33     0.329         0      1.66        37       512      0.97     0.824     0.903     0.891      2.53     0.449         0
   136/299     14.2G      1.52      0.33         0      1.85        31       512     0.963     0.814     0.892     0.882      2.58     0.459         0
   137/299     14.2G      1.49     0.339         0      1.83        30       512     0.969     0.789     0.883      0.87      2.58     0.495         0
   138/299     14.2G      1.46     0.377         0      1.84        34       512     0.958     0.803      0.89     0.874      2.55     0.463         0
   139/299     14.2G      1.46     0.347         0      1.81        30       512     0.953     0.797     0.879     0.868      2.63     0.442         0
   140/299     14.2G      1.19     0.328         0      1.52        30       512     0.949     0.833     0.882     0.888      2.56     0.424         0
   141/299     14.2G      1.22     0.363         0      1.59        34       512     0.967     0.815     0.901     0.884      2.53     0.438         0
   142/299     14.2G      1.47     0.353         0      1.83        30       512     0.976     0.785     0.902      0.87      2.45      0.47         0
   143/299     14.2G      1.19     0.347         0      1.54        32       512     0.967     0.752     0.886     0.846       2.6     0.482         0
   144/299     14.2G      1.24     0.326         0      1.56        31       512     0.966     0.802       0.9     0.876      2.65     0.451         0
   145/299     14.2G      1.32     0.336         0      1.66        29       512     0.971       0.8     0.913     0.878      2.52     0.454         0
   146/299     14.2G      1.08     0.321         0       1.4        33       512     0.971     0.782     0.894     0.866      2.47     0.485         0
   147/299     14.2G      1.27     0.314         0      1.59        34       512     0.975     0.752     0.885     0.849      2.46     0.512         0
   148/299     14.2G      1.23     0.322         0      1.55        29       512      0.96     0.751     0.875     0.843      2.61     0.487         0
   149/299     14.2G      1.33     0.348         0      1.68        36       512     0.948     0.779     0.884     0.855      2.55     0.461         0
   150/299     14.2G      1.36     0.343         0      1.71        32       512     0.956     0.815     0.903      0.88      2.44     0.442         0
   151/299     14.2G      1.28     0.338         0      1.62        39       512     0.968     0.824     0.915      0.89      2.42     0.438         0
   152/299     14.2G      1.24     0.328         0      1.56        24       512     0.964     0.829     0.909     0.891      2.49     0.439         0
   153/299     14.2G      1.27     0.313         0      1.58        34       512     0.969     0.803     0.903     0.879      2.38     0.472         0
   154/299     14.2G      1.52     0.311         0      1.83        28       512     0.973     0.789     0.902     0.871      2.42     0.492         0
   155/299     14.2G      1.44     0.324         0      1.76        36       512     0.969      0.79     0.889     0.871      2.68     0.503         0
   156/299     14.2G      1.31     0.304         0      1.61        34       512     0.971     0.795      0.88     0.874       2.6      0.48         0
   157/299     14.2G      1.16     0.311         0      1.47        34       512     0.952     0.811     0.877     0.876      2.53     0.475         0
   158/299     14.2G      1.09     0.312         0       1.4        33       512     0.965     0.802     0.888     0.876       2.6     0.487         0
   159/299     14.2G      1.19     0.313         0       1.5        29       512     0.973     0.771     0.899      0.86      2.45     0.509         0
   160/299     14.2G      1.37     0.296         0      1.67        30       512      0.97      0.75     0.893     0.846      2.43     0.517         0
   161/299     14.2G      1.29     0.327         0      1.62        32       512     0.964      0.79     0.897     0.869      2.47     0.487         0
   162/299     14.2G      1.09     0.298         0      1.38        30       512     0.963     0.827     0.903      0.89      2.44     0.468         0
   163/299     14.2G      1.33     0.319         0      1.65        37       512     0.972      0.81     0.895     0.883       2.5     0.472         0
   164/299     14.2G      1.28     0.313         0       1.6        35       512     0.972     0.819     0.906     0.889      2.53     0.467         0
   165/299     14.2G      1.14      0.32         0      1.46        31       512     0.972     0.826     0.906     0.893      2.45     0.483         0
   166/299     14.2G       1.1     0.309         0       1.4        34       512     0.974     0.798     0.896     0.877      2.75       0.5         0
   167/299     14.2G      1.17     0.309         0      1.48        30       512     0.964     0.827     0.903      0.89      2.55     0.463         0
   168/299     14.2G      1.17     0.305         0      1.48        39       512     0.974     0.799     0.904     0.878      2.48     0.485         0
   169/299     14.2G      1.19     0.293         0      1.49        36       512     0.976     0.809      0.91     0.885      2.49      0.48         0
   170/299     14.2G      1.08     0.312         0       1.4        36       512     0.976     0.833     0.919     0.899       2.4     0.466         0
   171/299     14.2G      1.39     0.317         0       1.7        38       512     0.981     0.801     0.911     0.882      2.38     0.494         0
   172/299     14.2G      1.15     0.298         0      1.45        28       512     0.978     0.795     0.917     0.877      2.49     0.499         0
   173/299     14.2G      1.05     0.299         0      1.35        32       512     0.972     0.809     0.908     0.883      2.61     0.485         0
   174/299     14.2G      1.07     0.289         0      1.36        29       512     0.972      0.81     0.907     0.883      2.54     0.485         0
   175/299     14.2G      1.01     0.314         0      1.33        31       512     0.974     0.811     0.911     0.885      2.53     0.475         0
   176/299     14.2G      1.26     0.287         0      1.55        30       512     0.971     0.784     0.902     0.867      2.48     0.511         0
   177/299     14.2G      1.23      0.32         0      1.55        38       512     0.971     0.779     0.893     0.864      2.56     0.516         0
   178/299     14.2G      1.07     0.296         0      1.37        35       512     0.971     0.784     0.895     0.868      2.66     0.504         0
   179/299     14.2G      1.23     0.315         0      1.54        31       512     0.974     0.793     0.909     0.874      2.68     0.486         0
   180/299     14.2G     0.969     0.311         0      1.28        33       512      0.97     0.811     0.902     0.883      2.55      0.47         0
   181/299     14.2G      1.21     0.295         0       1.5        31       512     0.965     0.818     0.903     0.886      2.61     0.469         0
   182/299     14.2G      1.15     0.279         0      1.43        35       512     0.956     0.851     0.915       0.9      2.56     0.458         0
   183/299     14.2G       1.2     0.275         0      1.47        31       512     0.958     0.843     0.915     0.897      2.51     0.456         0
   184/299     14.2G      1.18     0.284         0      1.46        26       512     0.966     0.785     0.915     0.866      2.51     0.477         0
   185/299     14.2G      1.18     0.264         0      1.44        32       512      0.97     0.773     0.916     0.861      2.46     0.487         0
   186/299     14.2G      1.15     0.301         0      1.45        34       512     0.969     0.799     0.917     0.876      2.46     0.484         0
   187/299     14.2G      1.13     0.278         0      1.41        31       512      0.97     0.818     0.913     0.887      2.58      0.48         0
   188/299     14.2G      1.12     0.271         0      1.39        33       512      0.97     0.812     0.916     0.884      2.62     0.471         0
   189/299     14.2G      1.07     0.279         0      1.34        29       512     0.976     0.801     0.916      0.88      2.48     0.472         0
   190/299     14.2G       1.2     0.279         0      1.48        33       512     0.978     0.797     0.916     0.878      2.57     0.477         0
   191/299     14.2G      1.27     0.272         0      1.54        29       512      0.98     0.786     0.914     0.873      2.49     0.485         0
   192/299     14.2G      1.16     0.286         0      1.45        33       512     0.974     0.786     0.905      0.87      2.81     0.478         0
   193/299     14.2G     0.927     0.262         0      1.19        32       512     0.966     0.777     0.904     0.861      2.66     0.483         0
   194/299     14.2G     0.936     0.274         0      1.21        40       512     0.971     0.781     0.897     0.865      2.62     0.494         0
   195/299     14.2G     0.996     0.287         0      1.28        32       512     0.971     0.786     0.901     0.869      2.59     0.494         0
   196/299     14.2G      1.15     0.288         0      1.43        30       512     0.973     0.775     0.904     0.863      2.42      0.52         0
   197/299     14.2G      0.87     0.281         0      1.15        37       512     0.971     0.796     0.907     0.875      2.53       0.5         0
   198/299     14.2G     0.987     0.266         0      1.25        37       512     0.974     0.799     0.907     0.878      2.46     0.495         0
   199/299     14.2G      1.01     0.269         0      1.28        32       512     0.974     0.796     0.908     0.876       2.4     0.493         0
   200/299     14.2G      1.08     0.272         0      1.35        34       512     0.973     0.789      0.91     0.872       2.5     0.488         0
   201/299     14.2G      1.04     0.244         0      1.28        40       512     0.974     0.793     0.915     0.874      2.43      0.49         0
   202/299     14.2G     0.923     0.251         0      1.17        35       512     0.967     0.804     0.917     0.878      2.41     0.478         0
   203/299     14.2G         1     0.251         0      1.25        27       512     0.967     0.816     0.925     0.885      2.43     0.468         0
   204/299     14.2G      1.12     0.273         0      1.39        33       512     0.969     0.809     0.919     0.882      2.43     0.475         0
   205/299     14.2G     0.897     0.275         0      1.17        26       512      0.97     0.808     0.916     0.882      2.51     0.479         0
   206/299     14.2G     0.975      0.26         0      1.24        30       512     0.972      0.82     0.914      0.89      2.58     0.466         0
   207/299     14.2G       1.1     0.278         0      1.38        34       512     0.974     0.803     0.908      0.88       2.5     0.473         0
   208/299     14.2G      1.05     0.256         0       1.3        36       512     0.968     0.777     0.903     0.862      2.55     0.495         0
   209/299     14.2G      1.08     0.239         0      1.32        31       512     0.971     0.757     0.895     0.851       2.6      0.52         0
   210/299     14.2G      1.07     0.267         0      1.34        36       512     0.975     0.755     0.894     0.851      2.62     0.524         0
   211/299     14.2G     0.938     0.249         0      1.19        34       512     0.973     0.772     0.895     0.861      2.56     0.526         0
   212/299     14.2G      1.03     0.282         0      1.32        34       512     0.977     0.756     0.896     0.852      2.52     0.539         0
   213/299     14.2G      1.12     0.255         0      1.38        32       512     0.976     0.788     0.909     0.872      2.52     0.521         0
   214/299     14.2G      1.01     0.238         0      1.25        31       512     0.967      0.82     0.923     0.887      2.47     0.486         0
   215/299     14.2G      1.07     0.256         0      1.32        32       512     0.966     0.836      0.92     0.896      2.52     0.469         0
   216/299     14.2G     0.996     0.242         0      1.24        31       512     0.968     0.823     0.918      0.89      2.62     0.472         0
   217/299     14.2G      1.07     0.253         0      1.33        40       512     0.974     0.813     0.919     0.886      2.49     0.484         0
   218/299     14.2G      1.07     0.245         0      1.32        29       512     0.976     0.806     0.918     0.883      2.47     0.487         0
   219/299     14.2G       0.8     0.254         0      1.05        39       512     0.973     0.791      0.92     0.873      2.51     0.495         0
   220/299     14.2G         1     0.236         0      1.24        27       512     0.976     0.798     0.918     0.878      2.53     0.495         0
   221/299     14.2G     0.932     0.249         0      1.18        30       512     0.979     0.803     0.918     0.882      2.48     0.492         0
   222/299     14.2G      1.09     0.259         0      1.35        36       512     0.978       0.8     0.914      0.88      2.57     0.489         0
   223/299     14.2G     0.981     0.233         0      1.21        31       512     0.975     0.812     0.918     0.886      2.58     0.476         0
   224/299     14.2G      1.11     0.238         0      1.34        29       512     0.972     0.806     0.909     0.881      2.54     0.488         0
   225/299     14.2G     0.925     0.267         0      1.19        35       512     0.978     0.798     0.909     0.879      2.68     0.494         0
   226/299     14.2G     0.829     0.242         0      1.07        31       512     0.974     0.794     0.911     0.875      2.77     0.484         0
   227/299     14.2G       0.9     0.244         0      1.14        27       512     0.965     0.814     0.919     0.883      2.61     0.466         0
   228/299     14.2G     0.843     0.239         0      1.08        30       512     0.962     0.837     0.924     0.895      2.39     0.456         0
   229/299     14.2G      1.03     0.263         0       1.3        35       512     0.961     0.829     0.924      0.89      2.45     0.461         0
   230/299     14.2G     0.855     0.242         0       1.1        34       512     0.961     0.806     0.922     0.877      2.54     0.476         0
   231/299     14.2G     0.809     0.239         0      1.05        34       512     0.964     0.786     0.914     0.866       2.5     0.491         0
   232/299     14.2G      1.02     0.228         0      1.25        32       512     0.964     0.783     0.913     0.864      2.42     0.497         0
   233/299     14.2G      1.04     0.228         0      1.26        41       512     0.964     0.784     0.904     0.865      2.48     0.501         0
   234/299     14.2G     0.951     0.243         0      1.19        34       512     0.966     0.778     0.904     0.862      2.51     0.507         0
   235/299     14.2G     0.832     0.239         0      1.07        28       512     0.966     0.772     0.903     0.858      2.46     0.512         0
   236/299     14.2G     0.944      0.25         0      1.19        28       512     0.965     0.773       0.9     0.858      2.48      0.51         0
   237/299     14.2G     0.845     0.226         0      1.07        30       512     0.966     0.776     0.896      0.86      2.46     0.506         0
   238/299     14.2G      1.02     0.223         0      1.25        35       512     0.973     0.777     0.896     0.864      2.47     0.515         0
   239/299     14.2G     0.933      0.22         0      1.15        35       512     0.973      0.78     0.901     0.866      2.55     0.513         0
   240/299     14.2G      1.03     0.235         0      1.26        38       512     0.966     0.791     0.906      0.87      2.54     0.498         0
   241/299     14.2G      0.95     0.238         0      1.19        30       512     0.967     0.804      0.91     0.878      2.54     0.487         0
   242/299     14.2G      1.11     0.211         0      1.32        32       512      0.97     0.811     0.916     0.883       2.5     0.484         0
   243/299     14.2G       0.9      0.23         0      1.13        35       512     0.971     0.798     0.916     0.876      2.48     0.491         0
   244/299     14.2G     0.949     0.233         0      1.18        30       512     0.965     0.813     0.916     0.883       2.5      0.49         0
   245/299     14.2G     0.905     0.233         0      1.14        27       512     0.963     0.812     0.912     0.881      2.48      0.49         0
   246/299     14.2G     0.758     0.218         0     0.976        34       512     0.963     0.816      0.91     0.883       2.5     0.489         0
   247/299     14.2G     0.919     0.218         0      1.14        35       512     0.969     0.816     0.911     0.886      2.54      0.49         0
   248/299     14.2G     0.906     0.219         0      1.12        34       512     0.971     0.796     0.909     0.875      2.49     0.501         0
   249/299     14.2G     0.974     0.225         0       1.2        35       512     0.971     0.795     0.908     0.874      2.52     0.509         0
   250/299     14.2G     0.996     0.239         0      1.24        31       512     0.971     0.784     0.908     0.867      2.55     0.513         0
   251/299     14.2G     0.792     0.224         0      1.02        35       512     0.971     0.779     0.908     0.864      2.55     0.515         0
   252/299     14.2G     0.898     0.214         0      1.11        33       512     0.971     0.801     0.912     0.878      2.48     0.509         0
   253/299     14.2G     0.783     0.222         0      1.01        36       512     0.972     0.807     0.913     0.882      2.52     0.503         0
   254/299     14.2G      1.01     0.227         0      1.23        36       512     0.972     0.805     0.917      0.88      2.51     0.505         0
   255/299     14.2G     0.907     0.214         0      1.12        38       512     0.971     0.796      0.91     0.875      2.52     0.511         0
   256/299     14.2G     0.778     0.226         0         1        33       512     0.976     0.783      0.91     0.869      2.51     0.524         0
   257/299     14.2G     0.843     0.219         0      1.06        30       512     0.975     0.769     0.909      0.86      2.45     0.535         0
   258/299     14.2G     0.787     0.209         0     0.996        31       512     0.975     0.768       0.9     0.859      2.48     0.535         0
   259/299     14.2G     0.813     0.225         0      1.04        30       512     0.975     0.776     0.901     0.865       2.5     0.528         0
   260/299     14.2G     0.794     0.208         0         1        41       512     0.976     0.786     0.905     0.871      2.49     0.521         0
   261/299     14.2G     0.824     0.216         0      1.04        32       512     0.976      0.79     0.908     0.873       2.5     0.519         0
   262/299     14.2G     0.919     0.223         0      1.14        35       512     0.976      0.79     0.909     0.873      2.53     0.516         0
   263/299     14.2G      0.79     0.219         0      1.01        32       512     0.976      0.79     0.909     0.873      2.49     0.519         0
   264/299     14.2G     0.758     0.215         0     0.973        37       512     0.976     0.787      0.91     0.871      2.43     0.525         0
   265/299     14.2G     0.744     0.216         0      0.96        35       512     0.976     0.786     0.909     0.871      2.43     0.527         0
   266/299     14.2G     0.927     0.224         0      1.15        31       512     0.973     0.785      0.91     0.869      2.44     0.526         0
   267/299     14.2G     0.961     0.216         0      1.18        33       512     0.973     0.791     0.909     0.873      2.44     0.525         0
   268/299     14.2G     0.766       0.2         0     0.966        35       512     0.973     0.782     0.908     0.867      2.45     0.536         0
   269/299     14.2G     0.933     0.228         0      1.16        28       512     0.973     0.778     0.908     0.865      2.47     0.539         0
   270/299     14.2G     0.765     0.212         0     0.977        29       512     0.973     0.778     0.909     0.865      2.49     0.541         0
   271/299     14.2G     0.834     0.234         0      1.07        36       512     0.973     0.778     0.908     0.864       2.5     0.544         0
   272/299     14.2G     0.737     0.197         0     0.934        30       512     0.973     0.777       0.9     0.864      2.49     0.541         0
   273/299     14.2G     0.733     0.207         0     0.941        31       512     0.973     0.777     0.904     0.864      2.47      0.54         0
   274/299     14.2G     0.748     0.186         0     0.934        37       512     0.973     0.772     0.899     0.861      2.47     0.544         0
   275/299     14.2G     0.819     0.209         0      1.03        34       512     0.973     0.775       0.9     0.863      2.47     0.537         0
   276/299     14.2G     0.916      0.21         0      1.13        31       512     0.973     0.781     0.905     0.867      2.47     0.529         0
   277/299     14.2G     0.834     0.227         0      1.06        30       512     0.973     0.781     0.906     0.866      2.49     0.527         0
   278/299     14.2G     0.855     0.202         0      1.06        34       512     0.973     0.786     0.909      0.87      2.47     0.528         0
   279/299     14.2G     0.925     0.203         0      1.13        37       512     0.973     0.786     0.909     0.869      2.47     0.531         0
   280/299     14.2G     0.859     0.218         0      1.08        32       512     0.973     0.782     0.909     0.867      2.51     0.541         0
   281/299     14.2G      1.02     0.226         0      1.24        37       512     0.973     0.776     0.908     0.864      2.51     0.545         0
   282/299     14.2G     0.815     0.198         0      1.01        36       512     0.973     0.775     0.907     0.862      2.49     0.547         0
   283/299     14.2G     0.886      0.21         0       1.1        31       512     0.973     0.775     0.907     0.862      2.47     0.543         0
   284/299     14.2G     0.824     0.213         0      1.04        34       512     0.973      0.78     0.907     0.866      2.46     0.537         0
   285/299     14.2G      0.78     0.204         0     0.984        34       512     0.973     0.783     0.907     0.868      2.44     0.537         0
   286/299     14.2G     0.816     0.215         0      1.03        37       512     0.973     0.779     0.906     0.866      2.47     0.537         0
   287/299     14.2G     0.866     0.201         0      1.07        26       512     0.973     0.777     0.898     0.864      2.49     0.538         0
   288/299     14.2G     0.755     0.205         0      0.96        29       512     0.973     0.776     0.898     0.863      2.49     0.541         0
   289/299     14.2G     0.846     0.228         0      1.07        34       512     0.973     0.776     0.899     0.863      2.47     0.544         0
   290/299     14.2G     0.944     0.196         0      1.14        34       512     0.973     0.782     0.899     0.867      2.47     0.542         0
   291/299     14.2G      0.93     0.199         0      1.13        30       512     0.973     0.783     0.899     0.868      2.46      0.54         0
   292/299     14.2G     0.883     0.201         0      1.08        34       512     0.973     0.787     0.904      0.87      2.47     0.539         0
   293/299     14.2G     0.828     0.208         0      1.04        35       512     0.973     0.789     0.899     0.872      2.48     0.538         0
   294/299     14.2G     0.814     0.197         0      1.01        32       512     0.973     0.791       0.9     0.873      2.48     0.536         0
   295/299     14.2G     0.755     0.224         0     0.979        29       512     0.974     0.794     0.908     0.875      2.48     0.531         0
   296/299     14.2G      0.84     0.205         0      1.04        33       512     0.974     0.794     0.908     0.875      2.47     0.527         0
   297/299     14.2G     0.794     0.201         0     0.996        30       512     0.974       0.8     0.909     0.878      2.48     0.524         0
   298/299     14.2G     0.752     0.199         0     0.951        36       512     0.974     0.794     0.908     0.875      2.53     0.526         0
   299/299     14.2G     0.842     0.202         0      1.04        28       512     0.974     0.793       0.9     0.874      2.55     0.528         0
